>>> import random
>>> def Ndice(s,t,n):
	print("trials =" , t)
	print("sides =", s)
	a = []
	di= []
	for k in range(0,n):
		print("dice_number=",k+1)
		for i in range(0,t):
			a.append(int(s*random.random()))
			b=0
			c=0
		print(a)
		c1=[]
		for m in range(0,s):
			c1.append(int(a.count(m)))
		print("distribution=", c1)
		for j in range(0,t):
				b = b + a[j]
				c = c + a[j]**2
		d =(c/t-b*b/t/t)
		print("standard deviation =" + str(d**0.5))
		print("mean =" + str(b/t))
		print("variance=" + str(d))
		di.append(a)
	print("two dices", di)

def r():
	Ndice(10,100,2)
r()
trials = 100
sides = 10
dice_number= 1
[3, 9, 2, 1, 4, 7, 7, 9, 6, 3, 7, 4, 6, 2, 5, 6, 7, 2, 5, 6, 5, 4, 2, 6, 0, 4, 2, 0, 3, 8, 7, 3, 1, 4, 5, 4, 7, 7, 3, 4, 3, 9, 8, 7, 7, 1, 9, 6, 4, 7, 6, 5, 8, 3, 7, 5, 4, 1, 4, 8, 5, 6, 3, 5, 1, 3, 0, 4, 2, 2, 9, 8, 7, 8, 0, 3, 7, 7, 0, 4, 7, 2, 4, 9, 2, 3, 7, 5, 3, 2, 3, 9, 5, 4, 0, 4, 4, 5, 0, 4]
distribution= [7, 5, 10, 13, 17, 11, 8, 16, 6, 7]
standard deviation =2.51865043227519
mean =4.58
variance=6.343600000000002
dice_number= 2
[3, 9, 2, 1, 4, 7, 7, 9, 6, 3, 7, 4, 6, 2, 5, 6, 7, 2, 5, 6, 5, 4, 2, 6, 0, 4, 2, 0, 3, 8, 7, 3, 1, 4, 5, 4, 7, 7, 3, 4, 3, 9, 8, 7, 7, 1, 9, 6, 4, 7, 6, 5, 8, 3, 7, 5, 4, 1, 4, 8, 5, 6, 3, 5, 1, 3, 0, 4, 2, 2, 9, 8, 7, 8, 0, 3, 7, 7, 0, 4, 7, 2, 4, 9, 2, 3, 7, 5, 3, 2, 3, 9, 5, 4, 0, 4, 4, 5, 0, 4, 2, 8, 0, 5, 5, 8, 7, 7, 1, 8, 8, 8, 3, 9, 9, 8, 5, 6, 8, 9, 2, 6, 9, 4, 8, 5, 2, 6, 7, 2, 7, 7, 8, 6, 1, 7, 5, 0, 8, 6, 2, 7, 3, 7, 5, 6, 3, 4, 6, 8, 6, 8, 6, 6, 2, 0, 5, 9, 5, 5, 1, 7, 0, 4, 6, 9, 4, 6, 7, 9, 0, 2, 1, 2, 0, 4, 9, 5, 8, 8, 8, 1, 9, 2, 2, 9, 8, 3, 3, 7, 2, 2, 0, 4, 7, 9, 4, 8, 1, 7]
distribution= [14, 11, 22, 18, 24, 21, 20, 29, 23, 18]
standard deviation =2.51865043227519
mean =4.58
variance=6.343600000000002
two dices [[3, 9, 2, 1, 4, 7, 7, 9, 6, 3, 7, 4, 6, 2, 5, 6, 7, 2, 5, 6, 5, 4, 2, 6, 0, 4, 2, 0, 3, 8, 7, 3, 1, 4, 5, 4, 7, 7, 3, 4, 3, 9, 8, 7, 7, 1, 9, 6, 4, 7, 6, 5, 8, 3, 7, 5, 4, 1, 4, 8, 5, 6, 3, 5, 1, 3, 0, 4, 2, 2, 9, 8, 7, 8, 0, 3, 7, 7, 0, 4, 7, 2, 4, 9, 2, 3, 7, 5, 3, 2, 3, 9, 5, 4, 0, 4, 4, 5, 0, 4, 2, 8, 0, 5, 5, 8, 7, 7, 1, 8, 8, 8, 3, 9, 9, 8, 5, 6, 8, 9, 2, 6, 9, 4, 8, 5, 2, 6, 7, 2, 7, 7, 8, 6, 1, 7, 5, 0, 8, 6, 2, 7, 3, 7, 5, 6, 3, 4, 6, 8, 6, 8, 6, 6, 2, 0, 5, 9, 5, 5, 1, 7, 0, 4, 6, 9, 4, 6, 7, 9, 0, 2, 1, 2, 0, 4, 9, 5, 8, 8, 8, 1, 9, 2, 2, 9, 8, 3, 3, 7, 2, 2, 0, 4, 7, 9, 4, 8, 1, 7], [3, 9, 2, 1, 4, 7, 7, 9, 6, 3, 7, 4, 6, 2, 5, 6, 7, 2, 5, 6, 5, 4, 2, 6, 0, 4, 2, 0, 3, 8, 7, 3, 1, 4, 5, 4, 7, 7, 3, 4, 3, 9, 8, 7, 7, 1, 9, 6, 4, 7, 6, 5, 8, 3, 7, 5, 4, 1, 4, 8, 5, 6, 3, 5, 1, 3, 0, 4, 2, 2, 9, 8, 7, 8, 0, 3, 7, 7, 0, 4, 7, 2, 4, 9, 2, 3, 7, 5, 3, 2, 3, 9, 5, 4, 0, 4, 4, 5, 0, 4, 2, 8, 0, 5, 5, 8, 7, 7, 1, 8, 8, 8, 3, 9, 9, 8, 5, 6, 8, 9, 2, 6, 9, 4, 8, 5, 2, 6, 7, 2, 7, 7, 8, 6, 1, 7, 5, 0, 8, 6, 2, 7, 3, 7, 5, 6, 3, 4, 6, 8, 6, 8, 6, 6, 2, 0, 5, 9, 5, 5, 1, 7, 0, 4, 6, 9, 4, 6, 7, 9, 0, 2, 1, 2, 0, 4, 9, 5, 8, 8, 8, 1, 9, 2, 2, 9, 8, 3, 3, 7, 2, 2, 0, 4, 7, 9, 4, 8, 1, 7]]
]	

